23135851162
13151942776
12997637966
12136980858
9081174698
8469404971
5933321709
4705743816
3750423199
3400031103
3350048871
3228469771
3183110675
3086225277
2996181025
2813163874
2633487141
2590739907
2398724162
2393614870
2275595356
2272272772
2247431740
2062066547
2022459848
1564202750
1551258643
1544771673
1518266684
1483428678
1390661912
1356293641
1276852170
1242323499
1229112622
1226734006
1134987907
1082121730
1059793441
1046319984
1024093118
1014107316
999899654
998757982
993536631
978481319
950751722
937112320
932594387
908705570
883223816
844310242
842847219
829969374
827822032
812395582
810514085
782849411
755424983
741601852
719980257
710741293
701170205
681410380
661844114
661809559
660177731
650621178
645824184
639711198
637134177
630927278
619571575
616829742
611387736
611054034
605984508
604577485
602279334
601317059
596623239
593086170
578161543
576436203
575019382
572644147
571848080
570699558
566617666
565123981
562206804
548829454
541003982
536746424
525627757
520585287
519537222
508609523
502609275
502043038
501651226
488967374
488024109
484213771
480303376
480232730
472590641
464532702
462836169
459222855
453104133
451092583
446236148
445315294
443949646
441398439
440416431
437961375
431934249
430847564
425903347
421438139
421086358
419765694
419483948
417601616
416210411
414377632
414028837
410780176
406908328
405084642
403000411
402028056
399116355
396975018
392956436
391961061
390564835
388448018
387231739
384401868
383787805
380725892
380046348
379644437
373906735
373512569
373081242
372948094
371852748
370517038
369928941
366436194
365796396
365410017
362082755
361493758
360468339
352363058
352051342
349286123
347710184
345413157
343057316
342373303
341583838
340892856
339926541
339171382
339067778
337841309
336631187
334923368
333272427
330959949
330505325
324272258
323534251
322331766
321842984
319376932
318966441
316446229
315595259
314593284
314018806
313469591
313296421
311757793
311538382
311373936
310345867
310337185
309929179
309676581
307684103
306686983
306559205
306100813
305930896
305515604
305147791
304201237
303249898
302729303
302311431
301487430
299280163
297974790
297674493
297285731
296534935
295639201
294319118
293178760
292774716
291308910
287719294
287558448
287353021
286291411
286237372
284035693
283858893
280827841
280009597
277705910
277546019
275510917
275369513
274103587
273620358
272336859
271323986
270742935
270014141
269448880
268180843
266789622
266738068
266376620
264720374
264448339
264349801
263851272
263777245
261872866
261839117
261390908
260937015
259871557
258690345
256643812
256530337
256521328
256443074
256217838
255436698
254478181
254164055
252900442
252519588
252405204
252231566
250245121
247541986
246429812
245697701
244690155
244491090
244311841
243435728
242876222
242826246
242783091
242520455
242326300
242290578
241864251
240402653
239670331
239271204
238674296
238581133
235563000
235262594
234822585
234001114
232749142
232445953
232251956
232011723
232005894
231864260
231310420
231127472
230014019
228648541
227771642
227567373
227534978
227125249
227111505
226656153
226596368
226194991
225326739
225218991
224915894
224177047
223555915
223417394
222649459
220970235
220812328
220709925
220626128
220523502
219516023
219190105
218945655
217986984
217856550
217809513
217268632
216987137
216822128
216690546
216432510
216122487
215560453
215178488
215000515
214997918
214844153
214702696
214671907
214302926
214195457
213378807
212793848
212478717
212361059
211243333
210601244
209863729
208780080
208371878
207858692
207634179
206582673
206538107
206364495
206211773
205629763
204801202
204486977
204104275
203611349
202950880
202755734
202563642
202346767
201854745
201692678
201395192
201235454
201063526
199694226
199642644
199616754
199608869
198242904
197874283
197293325
196676017
196301245
196109547
195647953
195011703
193271293
192535750
192000672
191963867
191783393
191087771
190859046
190433487
190205072
189509533
189325890
188985252
188880495
188691168
187885878
187142519
187062316
186091095
185555874
184815478
184777992
184406888
183237239
183202885
182739567
182579275
182545426
182061247
181969355
181556155
181445531
181387042
181075605
181040994
180739802
180144029
179963886
179813446
179794224
179652730
179615587
179428286
179224570
178810033
178250872
177976652
177706929
177153952
176829177
176301486
176299905
176295589
176129154
176093255
175916536
175527859
174297802
174232809
174058407
173839008
173422161
173346868
173244220
173043002
172371546
171752631
171687825
169256248
169231297
168957006
168673045
168532149
167827453
167587791
167518537
167202060
166811948
166657334
166005029
165863763
165671626
165341452
164834442
163957176
163951797
163363054
163308383
162390150
162076395
162033390
162023431
161913408
161518557
161205740
160961088
160850401
160812623
160746244
160573748
159785849
159603914
159595214
159478972
159343399
159287179
158982297
158887256
158421100
158410645
158281269
157960401
157182255
157079378
156845267
156703712
156667525
155733641
155284081
155254497
154999587
154527125
154326119
154301106
153788544
153460135
152978354
152776595
152155277
151553180
151531225
151350397
151008079
150781416
150748333
150610176
150106274
149976767
149556758
149320234
149312237
149130754
149001702
148628729
148330257
147969893
147675944
147259825
147177212
146906651
146749448
145701629
145490029
145430147
145057782
145041426
144707500
144646164
144298238
144200144
143590165
143062438
142498232
142087909
142048771
141894620
141765729
141548802
141210433
141155373
141076205
141012024
140799532
140688602
140479833
139710600
139566375
139563801
139459917
139242226
138517992
138433809
137696613
137679195
137134662
137089538
137071122
136862835
136560842
136341684
136214727
136103455
135289140
135132664
135037085
134939426
134754203
133102742
132725767
132685190
132428495
132369252
132325396
132187702
132141721
132095202
131952173
131836210
131800620
131417909
130644510
130570251
130531484
130326009
130054708
129399241
129301730
129198530
129167110
129054826
128994593
128740445
128427156
128314924
128251365
127768853
127719981
127704851
127634767
127425045
127014703
126699632
126645151
126517399
126461152
126228968
126160941
125814267
125787543
125548527
125542966
125524478
125515260
125340846
124949540
124620318
124500817
124472054
124198695
124116581
123595776
123311561
123196001
123162607
123160529
123027963
122592252
122498186
121986327
121844371
121505269
121345834
121296661
121218500
121094522
121087620
121079315
120978063
120814306
120548796
120495036
120272948
119974321
119747393
119602514
119394206
119376975
119294241
119150817
119014988
118978625
118818608
118410414
118127636
118106080
117951402
117696064
117672845
117451031
117213565
117119498
116883588
116495721
116282824
116097842
115504667
115205090
115168234
114532201
114515959
114452742
114384208
114025350
113841948
113788074
113756376
113691786
113453183
113316224
113285624
113090086
113067567
112965658
112902176
112893718
112837472
112466751
112385243
112197265
111973466
111971865
111882023
111397714
111394818
111356320
111279626
111229798
111199035
111192257
111170350
111064464
110732827
110528740
110323671
110086585
110051463
109717836
109697600
109596213
109553730
109528141
109504766
109416386
109389038
109360096
109213691
109067044
108389630
108324565
108287905
108024858
107853068
107839275
107799371
107785779
107589584
107497778
107483376
107215961
107145206
107121885
106978150
106755242
106466033
106405208
106400213
106342539
106154969
106119933
106103720
105946662
105891641
105837757
105642682
105625616
105101771
105014961
104908310
104251062
104230315
104165769
103921220
103906182
103878661
103731642
103697915
103521037
103331913
103203080
103132933
102837602
102812628
102792861
102711715
102698139
102580860
102552342
102316998
102234743
102234090
102159580
101987691
101959294
101771329
101338951
101325723
101303808
101090970
101024266
100907064
100886343
100868970
100765188
100637505
100502612
100264634
100237452
100013194
100012522
100010833
99964083
99420744
99324182
99143011
98839705
98703772
98671341
98581698
98528318
98494166
98081439
98056850
97850837
97837595
97747750
97658641
97649084
97583096
97561755
97451660
97258243
97233632
97167128
97049762
96602880
96554164
96269550
96242209
96020036
95606752
95489240
95488543
95412416
95373445
95289449
95132338
95096787
94815082
94800899
94730251
94700371
94501729
94477370
94159529
94113765
94069113
94036312
93941472
93878887
93807963
93714361
93483319
93450595
93401669
93275872
93061804
93044306
92803600
92709785
92603476
92579731
92551460
92456246
92431559
92151641
92039679
92006970
92002729
91924001
91905891
91559349
91486135
91398411
91388083
91189968
91156139
90910143
90854231
90810423
90612739
90554932
90535679
90506560
90478880
90249265
90210309
90037485
90010174
90001988
89828494
89826560
89780234
89749339
89744012
89396475
89324930
89154690
89139125
89075990
88770071
88712797
88506935
88447610
88332962
88328938
88097391
87897688
87882874
87829598
87824220
87791839
87785549
87661475
87572240
87441704
87391857
87139187
87019836
86985936
86808185
86573186
86527408
86395556
86290420
86255673
86147277
85964618
85775901
85617922
85584600
85523201
85333514
85326896
85262640
85245033
85241485
85202530
85043687
84923632
84857974
84840226
84808711
84804638
84697675
84568679
84556943
84399520
84333183
84317690
84084764
84065293
84037810
84002445
83949754
83901920
83845349
83671730
83625620
83592616
83559486
83444756
83431590
83216831
83166717
83135749
83094022
83082522
83015916
82807978
82807581
82646962
82515596
82399410
82342853
82222044
82179578
82178167
82113875
82024459
82021775
81983061
81965610
81913366
81894680
81652767
81596309
81561217
81444510
81396759
81320471
81258789
81110725
80821946
80821333
80755612
80717798
80694073
80659036
80605361
80583907
80566883
80526622
80328029
80312172
79998480
79958318
79915539
79791224
79697206
79665774
79633609
79615682
79579407
79424420
79323162
79255339
79240506
79199815
79172952
79105156
78992643
78967124
78843808
78817488
78774169
78421168
78365831
78365291
78292986
78078059
78051775
77914316
77752808
77749471
77574804
77515342
77515175
77375075
77353032
77333335
77295630
77287578
77271631
77203075
77183863
77079447
77070740
77038135
76855129
76806341
76707502
76659163
76597151
76580951
76528079
76445684
76341478
76212141
76100888
75993177
75985266
75976795
75963033
75960822
75918053
75604082
75594829
75532722
75480922
75393868
75287070
75196717
74796251
74773048
74748656
74702459
74359141
74283471
74230978
74170036
74160962
74145758
74073467
74073375
74043644
74026748
74000589
73877124
73689002
73664932
73571749
73434482
73286694
73220509
73183983
73108213
73064522
73010727
72879426
72606927
72604405
72603888
72576719
72553085
72528782
72455943
72427611
72285198
72056920
71972425
71918906
71829013
71814690
71765763
71518871
71383598
71366336
71289039
71269325
71268723
71248807
71229404
71013577
71006471
70957750
70912501
70859771
70832130
70639535
70639358
70613606
70595127
70551270
70427114
70420316
70277573
70164946
70113140
70082598
70033623
69997427
69946284
69921273
69889118
69843013
69819261
69734771
69671201
69665958
69529976
69469598
69444655
69395609
69315004
69194446
69189527
69066566
69062618
68991999
68982994
68957421
68891129
68854520
68755779
68687814
68648778
68620426
68606429
68569061
68391647
68359455
68325439
68261971
68222335
68130142
68080206
68025615
67934088
67751544
67731716
67665809
67566273
67473261
67443436
67421654
67415846
67398005
67360843
67352673
67339854
67315364
67311992
67309657
67213031
67191517
67128807
67102388
67052567
67029686
66895933
66811153
66809477
66796198
66753480
66703287
66638842
66632805
66594716
66581052
66395121
66297175
66249627
66171358
66078353
66074142
66014490
66007529
65921648
65904680
65835469
65832126
65803333
65747979
65682137
65635495
65626732
65574606
65501110
65473127
65459222
65453403
65407567
65319659
65312988
65305536
65264239
65218530
65173823
65139325
65078084
65077140
65066679
65009731
64824987
64814116
64753514
64649558
64600528
64596001
64542291
64504515
64437323
64378554
64314952
64288914
64262881
64256803
64198152
64197954
64169624
64162886
64158347
64153502
64112042
64090052
64046921
64008398
63947745
63831932
63828244
63777575
63776951
63754684
63561604
63559754
63471922
63387982
63357901
63301836
63250401
63234550
63168116
63116899
62994830
62949059
62896274
62683851
62667516
62663785
62566660
62557801
62544255
62452044
62377151
62308697
62287766
62202958
62143782
62082477
62012991
62012277
61892291
61873074
61836702
61830613
61781016
61719969
61717435
61704297
61694845
61635402
61626696
61622542
61539280
61532852
61502894
61502285
61348302
61337417
61319870
61305614
61302455
61290306
61265768
61265757
61227238
61073308
61059905
61036269
61035236
61017528
61011470
61004175
60975784
60969207
60827708
60817800
60758332
60747209
60720801
60679179
60666200
60649546
60589803
60580709
60540973
60436467
60316327
60294928
60280461
60179071
60054650
60033252
59963349
59957722
59901425
59870370
59809444
59804374
59797675
59652161
59651113
59622952
59541743
59513100
59507606
59447388
59430375
59425745
59408103
59377718
59377307
59336380
59307904
59137995
59106421
59102029
59094266
58986603
58933430
58908038
58855769
58803077
58777731
58668257
58664244
58657636
58656286
58579604
58503804
58498692
58491725
58470987
58453720
58387028
58382492
58374976
58352743
58338630
58249254
58222418
58189056
58185466
58178554
58144584
58144287
58125159
58114465
58112143
58094311
57957650
57912422
57875961
57790060
57784233
57697189
57610397
57608074
57567413
57491372
57481472
57462639
57432704
57403313
57378298
57248600
57241749
57241247
57212448
57202778
57191675
57170155
57146840
57103658
57094711
57076312
57030009
56934903
56804611
56677377
56638839
56599468
56564005
56547673
56542418
56512308
56499843
56492789
56471180
56442762
56421594
56414984
56365355
56284017
56282937
56253287
56201501
56181783
56132270
56095954
56063953
56057597
56038634
56034110
55979169
55972678
55951880
55842334
55819696
55721876
55692230
55673859
55669441
55611036
55523958
55504730
55502123
55486868
55448425
55429399
55360149
55293215
55276661
55199085
55189682
55180611
55157142
55147325
55145932
55143498
55131463
55083965
55051644
54965019
54964736
54946412
54929645
54886061
54831021
54810628
54789622
54781266
54646045
54576595
54513834
54418499
54379896
54346724
54342432
54275130
54274405
54257643
54170529
54146984
54140138
54106694
54096391
54079229
54063969
54062139
54000221
53876176
53824933
53784382
53759851
53710784
53534781
53532481
53512775
53511683
53495303
53491312
53464587
53462150
53447410
53444032
53406486
53352976
53312008
53253798
53247607
53189294
53171478
53122840
53083729
53046994
53025248
53007762
52979810
52917604
52891750
52877471
52815755
52799552
52756224
52738089
52716319
52688696
52681344
52629633
52557860
52556205
52546300
52518330
52515245
52507183
52496488
52452012
52436419
52423381
52396856
52320953
52297214
52215969
52214134
52199865
52183597
52028227
52008297
52006621
52004289
51895609
51816428
51788932
51765877
51697361
51696304
51652407
51621090
51590807
51577196
51553238
51536707
51531914
51525815
51483174
51449559
51426255
51407261
51387515
51387258
51349877
51331999
51330557
51304347
51282170
51244541
51242970
51223290
51160616
51156220
51147967
51130555
51090757
51076716
51033173
51024682
51019438
50973666
50931988
50913495
50887864
50843671
50819909
50818165
50800782
50767076
50701997
50683428
50669807
50630393
50604732
50551171
50474760
50409715
50405472
50389892
50347350
50276653
50141455
50036200
50022454
50022259
50001652
49969150
49918570
49844591
49832283
49747608
49699093
49698346
49694725
49574004
49551303
49547349
49513286
49510931
49495349
49452604
49391366
49272598
49215402
49156828
49148844
49087727
49020998
48999091
48985772
48858672
48850257
48836974
48831449
48812305
48807490
48746882
48726947
48668931
48658750
48651550
48646296
48616832
48580528
48562078
48544776
48492757
48490497
48483165
48463463
48419913
48384167
48329678
48325930
48284665
48255033
48202721
48175593
48137341
48075237
48073394
48063184
48053008
48002944
47975295
47959756
47954144
47934860
47898290
47856201
47847595
47827531
47775300
47745287
47737474
47716394
47703520
47674782
47661725
47613452
47612536
47609624
47588521
47500911
47449450
47426506
47402973
47364531
47344388
47315243
47278206
47251104
47211631
47195123
47176048
47045446
47041301
46983244
46978262
46946408
46929581
46922000
46917563
46914652
46907473
46901429
46897368
46865979
46857152
46839855
46800115
46748380
46745446
46729648
46728329
46688059
46684251
46610382
46607011
46528775
46516265
46482449
46437105
46367780
46347305
46346026
46307526
46292709
46236766
46234721
46208737
46198876
46136062
46079991
46057216
46017042
46013973
45983826
45918427
45905830
45733685
45719822
45699591
45649146
45638167
45598411
45575150
45541515
45494334
45480506
45454173
45453557
45445524
45436523
45434902
45432300
45410185
45407189
45381752
45332755
45322858
45314848
45314350
45286019
45271886
45242119
45207269
45145293
45133501
45080741
45047619
45032014
45023597
44960208
44953365
44946800
44936390
44905064
44858110
44854981
44829675
44810653
44784650
44784448
44754518
44752502
44738913
44681366
44674077
44670729
44619724
44569745
44561701
44556124
44546845
44526131
44467948
44466066
44429644
44375770
44361090
44298807
44295187
44244364
44224906
44222089
44214414
44201358
44180185
44159268
44137441
44128080
44127294
44118980
44049643
44038489
44026683
43997497
43972925
43931892
43927084
43897035
43883676
43874498
43872888
43872031
43848202
43706094
43667070
43661633
43634263
43621558
43578199
43506778
43461638
43425570
43399906
43310674
43278784
43258456
43252527
43208309
43171429
43128760
43110969
43074829
43041696
42979181
42974876
42969195
42951421
42880250
42871860
42867375
42865965
42857273
42809196
42801104
42770237
42769271
42750046
42720398
42714053
42707469
42645254
42631203
42578510
42560499
42552937
42501329
42494931
42494016
42459641
42455942
42450144
42436349
42436311
42415451
42379243
42342802
42336117
42335952
42330284
42265916
42259849
42223443
42182798
42163497
42160203
42106512
42086828
42076566
42062854
42024703
42022443
41997245
41949287
41947093
41922237
41893537
41869418
41862937
41835168
41825348
41812484
41782645
41730382
41706145
41704519
41677373
41651718
41647453
41645267
41628442
41614412
41537048
41474428
41372877
41359857
41333371
41326573
41281263
41177555
41146831
41144763
41109010
41089558
41061449
41043865
40976633
40839022
40838300
40833613
40819336
40781457
40770979
40764005
40730311
40728131
40722940
40697933
40671821
40666152
40656645
40638766
40615655
40591806
40572636
40568409
40502273
40501964
40498015
40435813
40414263
40401241
40364941
40361756
40345803
40334099
40278251
40259661
40231948
40200521
40185182
40161558
40136550
40127603
40095362
40085342
40033859
40032805
40026119
39999745
39971542
39937252
39937049
39912229
39910915
39897915
39891285
39845710
39832721
39830748
39794764
39757666
39753116
39752354
39733007
39699360
39672754
39664896
39610476
39603838
39591949
39573067
39512059
39483236
39450440
39440877
39329759
39326417
39307643
39304731
39297134
39283012
39244593
39238403
39229938
39186605
39148291
39130223
39129365
39030637
39017017
39015275
39014041
39001376
38989028
38931224
38929141
38911531
38909717
38902162
38886455
38863806
38854380
38827156
38827057
38793313
38787600
38781893
38778931
38778191
38777600
38771183
38740174
38729323
38611137
38605173
38592422
38568257
38542153
38521552
38506956
38496936
38458400
38442247
38442243
38437769
38369963
38341510
38339299
38316678
38308402
38291353
38290292
38269468
38259201
38254292
38243352
38241315
38223775
38222553
38207430
38185755
38166598
38162958
38159464
38133521
38128226
38123233
38087999
38010732
38002278
37995481
37987474
37983649
37957036
37930473
37896224
37877419
37866418
37857880
37835381
37822746
37819618
37786251
37777117
37732409
37668153
37662109
37644829
37642746
37603892
37600088
37589833
37569902
37544399
37537204
37493474
37455957
37433033
37426444
37396357
37387206
37376019
37332761
37316112
37305612
37254344
37247684
37219937
37200952
37166923
37150011
37143112
37133738
37115369
37106331
37102510
37039579
37025517
36985229
36981573
36971683
36946912
36942635
36918321
36918315
36864919
36860865
36853656
36852843
36831853
36831035
36830419
36798662
36769721
36766773
36743717
36728229
36726336
36712083
36710704
36697856
36686155
36685859
36676771
36648260
36636558
36617848
36576222
36558085
36548259
36522534
36521289
36508203
36493381
36439435
36419737
36408196
36381081
36353838
36306394
36286070
36286003
36269685
36253355
36239839
36138447
36134893
36129804
36108608
36089541
36087006
36079737
36046200
36041603
35991312
35989160
35986621
35937825
35936559
35928367
35890230
35854119
35847733
35813046
35803272
35797333
35724637
35722454
35722416
35713495
35697100
35687918
35683256
35674270
35666896
35660913
35651592
35643482
35629597
35599513
35595812
35590976
35538225
35529909
35525966
35516087
35473417
35441636
35426622
35421202
35383071
35358852
35347899
35345925
35345740
35343900
35327869
35326689
35287380
35275336
35255018
35233760
35225937
35219152
35206660
35200065
35180146
35160636
35148024
35123723
35105385
35080589
35068361
35050234
35046541
35033621
35027490
34970056
34965494
34944653
34929061
34912487
34881779
34879794
34865016
34861007
34832354
34807033
34803404
34799901
34764071
34753530
34742050
34729596
34727059
34719060
34715780
34706502
34689225
34681267
34675677
34672915
34646214
34639311
34638205
34600925
34597350
34531832
34513420
34511028
34503537
34482138
34464199
34427671
34416902
34416555
34385075
34383288
34358210
34312385
34305144
34304870
34302775
34300503
34281806
34273892
34266155
34215128
34207743
34201786
34176498
34173309
34140094
34138333
34124878
34123861
34104031
34099544
34095301
34080740
34079706
34073462
33988132
33957503
33955393
33921186
33916569
33897228
33868571
33867934
33848810
33845165
33798717
33766846
33705304
33704254
33689967
33674672
33667003
33648212
33646918
33644425
33612784
33595660
33592434
33538932
33518573
33486258
33476460
33450232
33395024
33364539
33321821
33277887
33242084
33239429
33222080
33213513
33210991
33173763
33155753
33135354
33113081
33100777
33096627
33075697
33070733
33068735
33056477
33050354
33030803
33014240
32972573
32969615
32964905
32963469
32960381
32955678
32942067
32925132
32917021
32868357
32847475
32846497
32817684
32807831
32780694
32776867
32757146
32739652
32731518
32603649
32599674
32588866
32570914
32567724
32563033
32552371
32551647
32549924
32541796
32538214
32502581
32502271
32491126
32489479
32472727
32462658
32440124
32437534
32432108
32430752
32428241
32421841
32375647
32372686
32366847
32362671
32341959
32338676
32334055
32318665
32311923
32311444
32302695
32296902
32281596
32270027
32238555
32225582
32220446
32217516
32142023
32136249
32128221
32120976
32113994
32113462
32088216
32083783
32076618
32059663
32025637
32011339
31988351
31985694
31981362
31980198
31964569
31956885
31928741
31927886
31923825
31899467
31881925
31879926
31875822
31869767
31869263
31851245
31830831
31816971
31759653
31744277
31740200
31715238
31714574
31681353
31677743
31666767
31649089
31626554
31626338
31623717
31602843
31598395
31594394
31593736
31586983
31563774
31551032
31541236
31533328
31528739
31501377
31452344
31451966
31449713
31439231
31437587
31435888
31399439
31394750
31392284
31388580
31373629
31344495
31344458
31337029
31334688
31324712
31321172
31316683
31296886
31284313
31264432
31235192
31234178
31198810
31179707
31169475
31158626
31126350
31119662
31113149
31050339
31029622
30998929
30988860
30987278
30981707
30941382
30930763
30905832
30881361
30869591
30867887
30848384
30836935
30835043
30811666
30784313
30771172
30745406
30739157
30735412
30732820
30718907
30697884
30672254
30672052
30670787
30662624
30662263
30646750
30641959
30630717
30602103
30599220
30596963
30592140
30590349
30582894
30582183
30563000
30557763
30542047
30537308
30523331
30510238
30507300
30504487
30477225
30465854
30462849
30446816
30429116
30419845
30403300
30384128
30378944
30360623
30346495
30336472
30327965
30302586
30291773
30286047
30285903
30275714
30258628
30253229
30231772
30202662
30198768
30189304
30181027
30179898
30171660
30170505
30169763
30160524
30145364
30144426
30095341
30068859
30060564
30024561
29998103
29994840
29963782
29955541
29955043
29949923
29932251
29923380
29922419
29920842
29916558
29910659
29909230
29904805
29900765
29896961
29896478
29867704
29859679
29850322
29848404
29846762
29841307
29841004
29840482
29825206
29821525
29810467
29808486
29783908
29782623
29769825
29768415
29765553
29754565
29751963
29736214
29726540
29724803
29722959
29719451
29714621
29694906
29689694
29689352
29680403
29674439
29665969
29649598
29644419
29637380
29610178
29607993
29594915
29589707
29585286
29584436
29552509
29536020
29535368
29535295
29527576
29491537
29456015
29437150
29392223
29390369
29390035
29389905
29372413
29368718
29368459
29348297
29344419
29332023
29320566
29312635
29309829
29290170
29277458
29266983
29254937
29252165
29251538
29248973
29237400
29217998
29217130
29215534
29202463
29158454
29149729
29138914
29130416
29127157
29090274
29069478
29066336
29065609
29049269
29029083
29016923
28995654
28965893
28960643
28958148
28955126
28954254
28951240
28933427
28919199
28913894
28890368
28875301
28864370
28857539
28852223
28848836
28846176
28832058
28827859
28821231
28810209
28805149
28796607
28795477
28781917
28769085
28767435
28744210
28743465
28717540
28681929
28678568
28663800
28647229
28631905
28629840
28612921
28603257
28599930
28566238
28551016
28529648
28507347
28492421
28470221
28456941
28456588
28448231
28404515
28401202
28400362
28394298
28389161
28377709
28377245
28375319
28374261
28366095
28309089
28301196
28294286
28279478
28268864
28268147
28254166
28247444
28152649
28151500
28148989
28148438
28133582
28112986
28103816
28099582
28094905
28091266
28089227
28076874
28051872
28042145
28023068
28018680
28018518
28000422
27972282
27971096
27964123
27936967
27936222
27920566
27911017
27898180
27894293
27856930
27838368
27832836
27829479
27827938
27819488
27708503
27698634
27665343
27665146
27623076
27620523
27616668
27557762
27556777
27541890
27538755
27526627
27469485
27462477
27442926
27432921
27418375
27406794
27397478
27378116
27370055
27332769
27322185
27318959
27310399
27299846
27284246
27281333
27270743
27263100
27234302
27222494
27207887
27204624
27173123
27157035
27148418
27140993
27118635
27099706
27092856
27091944
27060521
27037465
27036899
27020617
27016030
27007332
26984060
26943016
26933746
26924831
26917865
26912270
26887551
26870240
26864040
26857423
26854451
26837967
26835205
26826008
26821453
26812968
26807668
26797775
26783017
26774406
26767316
26750929
26736684
26734043
26721934
26713310
26708317
26708143
26702355
26701492
26666908
26665491
26651461
26646324
26630190
26624872
26590624
26575486
26573512
26558524
26551803
26546473
26526402
26526175
26515985
26488381
26483302
26482328
26476075
26460675
26457942
26454587
26451992
26419979
26411439
26407952
26405032
26382498
26369992
26355769
26349274
26339544
26322092
26305059
26290902
26283641
26272328
26249677
26233858
26229848
26206017
26204516
26199070
26153751
26153004
26151610
26117729
26114063
26111466
26110155
26049821
26047194
26038983
26038344
26036703
26036289
26029159
26018548
26003672
26000545
25994841
25974927
25974858
25959552
25945245
25899885
25898758
25895791
25881512
25879894
25858426
25852541
25843002
25809816
25787744
25779604
25770218
25766226
25763406
25750788
25719984
25715757
25710584
25707693
25704669
25700328
25698434
25675227
25667092
25658075
25635619
25630605
25600569
25574902
25572809
25572791
25560925
25554700
25547808
25497302
25490395
25474573
25471127
25465091
25464768
25451297
25440406
25436218
25435469
25433147
25429464
25395056
25385152
25379892
25379630
25378331
25352330
25349128
25342937
25331545
25324458
25320518
25317344
25311298
25301005
25294352
25294123
25283918
25280309
25268975
25251906
25243472
25196889
25194680
25182453
25171520
25166589
25162411
25150016
25146245
25144477
25139312
25128258
25096136
25091131
25080458
25073147
25061615
25059132
25055716
25054421
25046812
25039506
25014172
25000614
24986228
24983915
24982548
24970551
24965292
24956702
24951096
24944268
24923108
24917355
24904199
24903277
24884330
24880931
24855495
24850951
24809371
24798471
24789716
24775497
24762260
24756816
24745739
24737533
24717337
24709103
24705091
24705033
24681017
24679212
24669212
24640096
24629063
24616555
24611878
24603738
24572908
24566687
24561468
24558644
24544854
24530419
24523968
24521102
24520573
24514961
24511652
24509113
24483262
24481347
24472658
24443469
24441266
24438396
24435858
24430552
24429832
24419338
24412080
24406141
24406134
24404214
24399851
24397948
24383742
24373421
24347062
24342319
24320613
24320042
24319316
24308268
24301370
24291030
24286396
24276857
24275560
24251012
24232402
24231993
24218038
24214333
24206461
24204527
24194712
24175406
24168882
24152797
24136984
24136036
24135344
24128488
24121031
24106832
24102186
24102075
24095623
24082514
24074706
24063325
24060603
24060421
24050668
24049713
24047635
24047400
24043648
24034484
24031935
24020805
24005891
24005157
24003655
24002303
24000526
23995601
23992488
23989892
23980628
23975036
23962760
23949346
23947774
23947583
23936050
23920387
23920018
23918294
23915696
23900979
23891261
23879859
23864106
23848479
23847419
23847029
23843367
23834221
23831058
23813045
23800242
23795336
23794930
23761645
23751367
23747230
23738883
23727218
23724874
23724057
23716024
23714910
23713001
23708784
23702154
23698217
23688775
23688276
23687645
23681851
23650447
23648838
23638612
23631465
23627152
23623260
23611087
23596258
23595635
23583773
23534848
23522790
23522206
23506998
23506040
23500942
23491617
23464662
23461474
23448324
23448169
23426176
23419855
23395734
23388787
23387172
23379199
23372365
23356612
23349420
23342329
23337437
23311631
23279423
23268426
23265403
23258004
23252750
23245252
23240707
23240536
23234399
23226415
23211499
23187953
23163739
23152490
23150385
23135882
23134870
23133305
23129051
23121323
23104294
23102539
23095103
23081656
23079894
23076347
23069293
23064889
23056120
23045176
23032837
23031383
23030983
23023737
23018726
23018016
23013544
23005937
23003713
22993280
22972983
22963685
22961283
22944812
22937360
22932109
22926868
22925412
22924925
22919197
22917163
22910883
22903835
22880351
22875236
22874915
22873620
22846763
22841603
22840348
22837222
22834049
22829406
22826920
22807066
22806353
22779035
22767191
22759868
22754976
22751438
22737367
22720439
22718161
22709821
22705371
22703527
22697689
22696778
22679395
22674777
22666723
22665700
22651501
22645772
22640226
22640158
22626828
22617007
22612463
22607580
22607485
22600601
22592560
22591565
22575698
22559583
22543742
22507728
22489791
22488512
22485293
22483164
22479030
22472623
22471844
22450333
22443877
22424518
22410798
22399126
22397133
22368068
22362104
22355933
22345126
22344091
22339084
22338359
22336881
22323205
22323038
22316965
22310420
22307018
22304937
22303643
22300838
22290799
22289617
22285922
22274656
22257949
22255117
22253866
22252453
22242164
22219932
22202424
22187279
22178748
22170303
22164268
22144072
22136843
22123285
22118861
22106270
22101521
22092586
22092519
22087203
22070512
22066279
22065047
22033576
22019763
22018379
22011943
22011107
21999457
21993010
21985503
21977149
21963698
21962815
21943382
21937267
21926890
21911190
21909830
21890990
21879064
21872964
21860146
21849930
21843487
21835781
21828838
21821189
21810838
21809656
21802396
21799357
21795075
21794180
21791957
21783415
21776313
21772999
21771412
21763070
21755859
21753930
21741926
21735285
21722139
21718552
21716962
21694927
21694386
21693553
21682171
21673638
21662572
21654082
21650006
21643935
21635540
21617803
21612969
21602762
21591313
21578895
21577216
21565444
21553761
21546767
21543474
21541130
21540177
21539161
21538542
21533734
21532272
21528542
21518500
21505885
21477662
21451319
21450595
21443275
21424658
21424300
21419982
21402386
21388530
21377577
21370126
21364111
21348520
21345654
21344258
21329720
21327926
21324437
21321998
21305891
21288089
21274675
21273172
21264743
21258662
21247820
21245213
21222253
21184648
21172763
21172360
21156261
21150948
21150689
21148895
21137924
21137573
21126048
21120835
21120518
21111544
21111416
21107737
21104413
21102330
21099943
21088422
21069571
21068408
21054967
21046606
21036273
21031266
21028505
21023186
21018675
21010742
21000656
20990322
20976724
20961092
20955909
20950675
20943616
20939845
20913930
20907433
20904189
20886053
20857011
20848162
20843736
20842378
20824944
20824374
20816662
20816571
20807908
20807419
20786243
20775147
20769668
20757599
20757470
20752802
20737262
20728145
20723680
20719323
20699522
20694349
20693008
20686918
20672809
20672326
20667432
20664690
20660846
20655046
20652475
20639654
20638340
20629981
20622624
20616747
20612955
20608432
20605030
20603157
20599318
20587924
20578959
20577693
20551018
20531095
20501421
20494068
20486707
20472519
20468734
20463095
20456063
20444838
20434177
20433489
20427866
20423792
20422802
20400979
20400852
20374059
20356304
20351804
20345250
20337289
20336105
20311261
20305486
20303313
20295595
20292357
20274797
20273373
20255935
20251567
20251249
20243780
20241873
20236664
20233262
20229491
20222172
20217144
20195396
20161664
20158930
20149771
20149609
20140772
20128328
20123135
20104754
20071832
20070485
20067264
20063868
20061169
20046781
20043500
20036994
20032306
20031363
20025318
20024908
20020088
20003254
19999866
19998411
19974388
19973868
19969634
19967415
19947239
19945624
19945569
19930633
19929357
19926686
19926088
19919000
19912730
19912702
19906433
19902766
19895227
19887691
19884255
19883839
19862252
19850597
19830577
19825438
19820586
19814809
19811555
19810772
19797705
19797379
19791471
19786316
19780364
19778779
19757457
19752033
19747824
19729430
19719299
19713139
19709941
19705123
19693917
19693729
19684544
19682589
19673918
19672520
19654781
19647999
19640247
19635976
19621495
19615945
19611119
19591717
19585613
19576234
19552069
19551891
19521910
19520487
19516958
19515376
19511935
19507811
19501434
19470970
19458910
19454740
19454118
19450139
19446368
19442315
19439961
19432573
19430836
19429976
19419956
19410462
19386477
19386406
19384447
19384046
19364822
19353145
19349788
19338827
19333113
19332271
19319626
19286666
19284544
19280044
19271452
19261238
19250300
19236081
19226311
19223538
19217318
19205769
19200368
19198316
19192148
19191343
19188215
19182847
19178768
19174010
19171802
19164127
19162406
19152522
19142613
19138612
19137148
19120218
19097420
19094731
19090611
19079783
19073806
19071639
19070672
19061871
19060619
19048481
19041185
19039754
19032783
19026524
19021971
19015441
19013623
19009670
19006976
19002536
19002278
19000979
18984710
18984357
18983382
18977951
18969978
18968708
18963546
18959289
18948140
18944942
18942899
18942734
18941479
18930317
18910188
18906369
18904189
18893735
18884161
18830686
18830680
18802108
18791699
18780271
18779200
18767840
18760182
18751733
18751215
18743293
18738701
18738665
18736700
18734145
18727612
18711440
18707636
18707334
18699760
18698980
18695403
18694578
18689929
18683404
18679423
18672516
18665709
18662924
18650172
18645277
18643932
18638064
18634535
18633567
18624807
18623096
18621050
18620599
18611752
18595842
18590726
18584380
18564567
18546277
18525332
18524885
18519708
18517590
18513560
18509572
18497349
18476534
18470404
18468046
18462738
18459430
18456906
18454805
18451052
18443192
18441393
18430306
18427423
18418634
18409348
18409158
18407646
18400524
18391852
18367837
18366230
18363183
18359626
18348484
18346206
18339491
18338623
18330183
18322738
18313216
18310463
18306995
18301294
18291476
18281662
18280912
18278335
18276942
18272352
18261029
18250351
18249982
18248816
18244416
18235238
18225829
18225169
18216711
18214911
18212611
18181371
18179389
18178753
18177532
18173060
18166926
18160233
18153532
18150537
18142340
18140595
18137877
18137492
18133474
18120268
18114421
18087881
18085596
18085495
18057587
18056760
18051815
18050710
18048878
18029501
18026184
18010087
18004879
17997395
17992206
17988268
17988054
17984549
17981854
17981289
17973932
17966065
17955786
17950913
17948471
17941595
17939608
17932276
17912721
17902700
17893080
17864371
17861664
17860735
17855962
17854445
17840023
17832930
17822857
17822372
17808542
17802139
17799728
17796113
17793559
17788166
17785167
17783181
17781054
17771611
17770402
17763784
17763741
17760399
17755487
17754444
17749748
17731742
17723745
17723706
17721173
17716997
17716382
17708817
17699280
17689336
17684438
17684309
17684157
17670602
17657510
17654589
17654340
17652296
17650063
17642126
17638870
17637606
17622043
17620255
17610578
17605148
17604510
17596497
17587586
17581312
17578802
17576543
17572986
17567373
17563405
17559678
17559676
17553631
17552078
17548170
17531144
17531004
17524896
17518021
17517416
17501142
17489966
17489014
17488245
17482224
17479295
17476171
17468888
17458216
17431193
17430678
17430646
17397122
17382903
17382309
17381863
17377430
17376500
17372103
17371421
17364670
17364336
17363382
17356748
17354931
17350024
17347644
17347302
17338242
17336418
17320550
17319174
17314729
17311343
17303748
17298630
17298541
17293992
17293553
17293401
17293223
17291659
17285391
17273017
17269901
17269191
17268711
17261850
17260560
17257437
17250923
17247395
17246004
17237730
17219873
17214156
17212593
17191978
17180592
17176271
17175256
17174265
17167504
17149887
17140948
17121643
17119887
17113662
17107864
17098932
17098874
17086330
17080287
17079988
17070818
17069146
17067959
17059844
17055596
17055578
17052377
17044981
17040941
17036451
17034917
17034376
17016075
17016018
17009819
17000297
16995862
16990742
16989252
16983414
16975343
16960525
16959164
16955155
16946409
16943168
16938386
16936066
16930615
16927032
16926005
16918240
16917046
16909821
16906398
16900145
16899024
16877259
16872393
16863887
16844502
16839779
16827338
16822148
16811299
16806411
16804532
16798232
16787246
16785885
16785804
16785232
16782911
16774383
16772509
16772151
16762869
16761764
16759938
16757015
16746894
16734573
16732135
16730305
16721698
16715270
16714262
16707292
16704436
16695850
16675728
16673750
16669964
16666503
16651038
16646884
16642137
16638749
16635947
16633701
16633530
16627992
16623634
16615190
16610313
16609500
16596412
16585215
16580634
16574606
16567733
16553370
16541561
16533500
16528965
16528294
16526639
16520640
16507181
16497466
16485480
16473584
16468434
16455284
16450653
16449733
16447205
16440590
16433047
16432897
16424029
16418219
16418119
16404833
16402727
16399691
16394663
16390724
16380415
16379501
16376907
16376756
16376298
16371249
16370898
16359030
16356727
16344475
16342426
16330663
16328349
16328207
16327687
16320930
16319906
16317856
16310699
16304338
16297110
16295682
16291429
16290285
16282891
16280898
16274039
16270907
16255266
16246437
16245917
16229818
16226542
16226259
16208818
16206006
16204739
16203551
16200452
16198666
16198563
16198516
16197547
16192486
16186870
16185593
16180738
16180314
16178319
16175690
16167942
16167871
16166157
16164825
16159559
16147630
16143967
16134918
16132917
16128161
16122690
16105115
16104943
16103269
16101662
16091024
16090093
16088860
16082512
16075117
16074367
16072941
16067890
16064787
16052337
16048111
16046788
16046554
16044458
16043012
16036749
16033947
16019942
16019652
16019259
16007743
16007404
16005656
15993437
15989585
15984492
15977621
15975134
15970507
15965297
15959187
15957355
15947875
15944693
15943314
15943118
15940860
15937777
15936448
15932624
15924418
15922257
15913301
15907811
15904074
15903838
15903650
15903623
15900632
15896017
15890766
15888408
15879176
15877446
15876825
15870882
15869328
15867816
15843797
15843713
15839012
15837188
15835076
15833070
15830230
15820001
15815805
15800079
15790868
15789001
15785972
15783409
15783362
15762226
15756535
15751985
15747018
15742544
15741542
15735084
15732752
15722718
15718531
15717579
15717565
15714432
15702834
15702193
15697468
15696875
15687517
15681408
15678579
15677739
15676832
15672487
15664730
15660073
15644603
15637551
15631531
15627914
15620893
15617699
15617578
15614045
15612754
15610754
15607299
15600762
15569554
15566389
15559558
15549676
15546998
15546396
15545255
15544519
15535983
15534490
15533662
15530318
15527836
15526746
15524533
15499095
15494434
15492873
15484166
15480156
15478056
15474514
15467267
15460775
15457627
15454182
15448105
15445373
15439034
15436647
15434147
15431252
15408708
15407660
15397428
15396094
15392460
15387811
15387448
15382965
15378751
15377549
15372818
15371128
15370734
15368116
15362084
15360894
15353411
15351221
15350829
15350104
15347885
15335457
15329536
15326748
15310025
15307332
15302627
15291571
15283698
15269346
15247535
15233889
15226748
15221952
15211063
15208640
15205457
15203868
15193823
15189493
15188396
15188265
15187443
15184402
15173541
15173384
15173142
15167200
15160863
15148133
15144063
15140824
15136055
15130468
15123965
15118474
15106975
15102739
15101054
15099775
15096022
15093621
15092940
15087654
15086138
15086116
15084108
15081508
15075593
15072865
15070667
15062682
15060628
15057406
15056872
15051571
15050854
15046652
15036355
15030847
15030656
15027031
15023940
15023107
15022494
15018777
15013830
15005504
15002685
14996313
14995986
14995901
14994458
14993121
14992334
14991485
14990474
14987637
14982375
14978200
14975214
14973062
14971773
14963215
14956865
14955527
14947463
14935399
14933216
14930704
14927179
14922980
14922472
14915797
14914273
14891626
14887797
14883328
14881736
14872850
14870655
14864704
14862470
14862050
14853167
14853076
14852075
14851514
14850388
14838707
14837851
14837382
14831025
14830885
14828169
14827380
14825384
14812893
14810983
14809282
14808511
14807121
14803304
14802625
14790481
14787561
14786910
14782108
14781439
14774632
14773122
14768992
14768509
14767437
14764881
14763787
14757576
14733347
14722710
14709395
14699060
14698596
14696457
14693072
14692020
14690982
14684452
14682465
14681896
14677826
14673133
14669722
14665516
14663372
14660956
14656807
14647735
14644385
14643268
14643252
14642158
14642145
14637522
14634773
14630622
14630550
14624061
14622894
14620842
14610476
14610097
14608954
14601448
14597663
14592664
14592259
14590887
14589394
14585030
14584511
14571657
14563766
14554904
14554254
14543941
14539988
14533607
14530555
14530204
14526022
14520396
14515807
14514973
14514771
14513169
14497557
14494084
14490265
14490042
14467817
14461355
14458903
14453361
14440499
14437691
14436477
14428078
14424194
14423121
14412277
14410719
14400125
14391891
14391094
14388928
14383882
14380554
14375120
14373028
14372798
14372193
14364719
14360216
14359872
14353822
14353555
14347893
14345220
14332723
14325239
14323697
14318442
14317877
14316397
14310606
14300116
14300000
14298573
14276954
14274314
14267487
14265483
14259073
14258533
14255645
14252518
14248830
14248601
14245047
14243681
14235793
14234378
14231374
14229499
14226160
14225288
14218854
14214206
14213883
14210099
14208905
14204074
14193383
14186960
14183871
14175567
14166642
14160780
14154477
14153912
14152050
14145612
14141658
14136076
14135031
14134539
14133468
14131325
14122636
14122054
14120141
14118370
14117675
14113963
14109044
14107957
14101910
14098493
14096520
14086211
14084182
14083532
14079219
14077377
14073676
14070610
14070477
14070057
14066848
14056761
14056260
14054988
14053901
14044005
14033655
14030556
14029478
14024814
14023758
14023116
14022851
14018500
14015510
14009815
14005681
14001999
13999381
13993483
13991160
13985443
13982676
13981773
13979267
13978552
13974702
13971547
13969875
13966572
13966085
13951572
13951321
13951272
13950657
13941550
13938792
13932764
13932521
13931521
13927858
13923904
13923870
13918451
13910645
13908229
13906621
13893537
13891179
13890693
13879349
13871917
13868346
13866785
13865583
13862324
13860363
13851733
13842664
13842002
13840765
13830000
13828683
13822320
13809070
13806456
13805561
13803408
13801282
13798030
13793165
13790568
13789510
13783519
13773517
13772033
13767091
13763074
13761404
13760930
13759334
13756477
13755270
13752874
13747515
13747486
13737979
13733878
13726171
13718311
13717814
13714028
13703297
13703047
13691578
13690535
13675892
13675652
13675076
13673436
13667978
13664006
13658453
13656662
13656530
13650397
13649671
13643598
13641144
13638302
13636055
13628350
13624468
13620117
13616735
13609184
13608193
13608102
13602754
13588118
13584758
13582203
13581863
13575360
13574147
13564576
13563719
13560922
13553645
13553458
13542156
13534626
13533542
13533108
13530421
13527150
13523903
13516414
13515899
13515249
13508713
13504049
13502651
13491067
13486949
13484286
13480763
13479005
13472319
13467005
13465434
13463452
13456639
13454831
13452150
13446221
13443395
13436730
13432717
13432331
13421855
13418042
13412944
13406814
13404833
13401764
13396527
13394033
13388225
13385115
13383491
13381057
13378320
13373535
13370569
13370501
13362778
13360499
13359320
13357683
13356231
13354086
13347842
13340961
13340286
13337599
13331567
13326500
13323175
13317989
13317222
13312952
13299902
13289920
13285903
13283422
13282573
13281872
13275905
13272933
13267090
13264592
13262019
13258481
13254387
13247038
13243591
13239487
13237807
13237067
13235755
13223921
13217593
13215862
13206765
13204687
13197312
13192681
13191958
13191602
13190308
13188157
13187557
13186910
13174794
13174104
13171507
13162056
13160826
13160458
13159307
13159201
13158826
13157939
13156568
13152228
13151677
13147963
13147766
13139084
13137405
13136286
13135673
13125950
13124744
13123149
13112664
13111342
13110679
13106833
13106605
13104630
13099161
13084826
13076275
13074108
13070103
13070039
13067717
13067154
13055842
13042465
13041955
13041439
13040324
13030604
13030009
13026222
13025162
13022446
13021244
13015144
13010129
13009622
13001992
13000552
12998105
12992824
12992179
12988231
12978770
12967326
12963319
12959639
12956304
12948547
12947907
12943336
12943233
12942004
12941649
12939920
12937343
12936942
12936269
12936031
12935437
12933815
12933641
12933398
12929028
12927383
12925504
12925206
12922908
12921548
12920984
12917359
12907686
12887996
12887808
12886015
12881982
12879631
12878082
12876640
12872296
12872162
12869511
12868953
12868396
12862466
12860636
12858193
12855670
12854435
12846709
12846263
12845656
12844407
12839981
12835042
12832156
12827388
12826864
12822060
12819458
12816951
12814410
12811886
12810984
12807746
12804602
12801318
12801087
12792948
12791715
12782654
12775596
12774174
12773325
12770550
12768385
12767813
12766528
12762988
12760317
12758083
12750803
12749153
12744763
12740200
12734467
12733176
12732598
12731331
12729034
12726931
12721452
12717377
12712170
12707511
12700246
12696541
12696160
12695618
12695163
12694588
12691717
12689932
12682146
12674163
12673836
12673643
12671696
12665447
12663723
12662613
12662561
12662277
12657881
12656312
12650318
12643368
12638925
12635856
12632816
12632676
12632510
12628386
12627415
12620441
12619643
12614289
12612759
12611549
12611462
12610212
12609820
12609370
12609210
12607223
12606763
12604953
12604679
12596942
12592519
12585629
12575365
12572666
12569204
12568485
12566621
12566340
12564191
12563918
12556793
12556710
12555862
12555432
12555304
12552534
12550346
12549130
12540187
12539579
12539523
12534433
12520872
12520362
12515925
12512859
12509596
12509468
12507793
12503316
12500878
12495791
12494982
12493779
12493091
12490899
12488595
12485378
12480269
12478554
12476378
12475941
12468392
12468316
12463155
12459909
12457330
12453817
12453758
12452126
12442507
12442426
12437958
12437176
12436439
12428283
12427428
12426348
12408915
12408250
12401524
12399723
12398749
12396954
12391977
12388574
12387228
12384523
12383666
12375659
12372347
12368358
12365108
12363943
12362288
12344206
12343670
12343606
12343092
12341268
12335355
12331010
12327884
12325194
12324340
12316733
12310310
12309442
12295996
12292326
12288564
12286978
12285353
12284886
12282409
12282363
12276900
12274377
12272978
12265666
12253733
12250071
12248848
12248842
12247704
12246405
12243196
12242166
12234379
12233823
12229184
12228736
12224161
12223306
12221536
12221120
12221039
12219521
12219202
12217876
12212683
12209454
12209059
12207876
12207355
12207212
12206596
12205992
12202668
12201623
12197026
12190683
12183104
12181942
12176279
12169689
12165874
12157725
12156802
12156057
12155897
12154591
12151804
12150135
12149923
12139363
12137652
12126852
12124414
12122016
12121686
12120487
12120025
12118110
12115794
12114899
12113023
12111116
12111079
12108114
12106805
12105241
12103085
12100130
12098868
12096074
12095723
12089345
12075458
12074809
12074177
12059691
12050603
12047864
12040669
12040451
12035131
12033152
12030927
12027198
12023506
12021075
12020970
12020777
12016141
12015364
12014007
12009663
12006519
12005354
12004200
11998068
11997559
11994795
11994630
11994061
11988068
11981451
11979867
11977359
11976257
11975598
11975502
11971094
11969481
11967727
11965213
11962620
11959135
11955064
11940116
11938391
11938092
11935820
11935423
11928914
11923960
11920756
11916770
11910667
11910319
11901949
11899198
11897739
11897613
11896655
11896215
11894545
11890283
11884559
11872105
11871958
11871928
11869181
11868381
11867822
11867645
11866535
11866191
11864409
11858655
11857523
11856704
11854911
11854099
11851441
11844825
11843789
11840656
11836566
11830447
11827772
11823864
11820453
11812688
11808109
11802197
11801246
11797770
11787905
11779964
11776450
11771127
11770634
11768649
11766166
11761605
11757528
11756315
11752565
11750312
11734967
11734926
11731220
11721030
11720390
11718306
11717970
11712039
11707935
11701771
11698784
11697875
11697252
11693072
11689186
11684143
11683277
11678554
11675871
11673995
11672746
11671298
11671224
11669062
11666011
11665297
11664471
11660000
11654805
11653999
11650394
11645846
11638541
11638517
11637896
11637681
11628585
11625191
11624610
11623632
11614819
11611352
11607168
11596706
11590640
11589578
11587337
11587208
11583296
11581210
11579566
11578075
11577917
11570453
11563142
11562545
11558186
11557184
11556427
11539905
11537028
11531749
11531233
11529280
11529020
11527988
11523262
11522424
11517481
11515834
11515517
11503742
11502899
11492724
11488301
11486779
11484905
11484329
11483881
11475647
11467191
11463625
11463394
11462067
11453109
11453108
11451583
11450451
11446551
11444961
11443351
11442551
11442124
11441469
11441465
11440396
11435976
11433277
11432076
11431260
11430056
11423944
11422896
11419276
11414669
11414484
11410497
11409218
11407040
11403780
11402999
11399795
11397689
11392181
11392078
11389585
11381802
11373336
11372432
11370681
11361835
11360882
11359349
11359153
11351898
11347457
11341552
11339790
11338350
11337414
11337220
11330977
11326491
11325360
11322492
11322089
11317473
11314599
11305570
11299333
11297715
11293962
11288273
11287023
11285387
11283175
11282738
11280195
11272339
11268485
11264350
11261994
11258215
11256443
11245208
11245167
11244764
11242764
11239247
11231405
11229705
11228022
11222332
11217436
11215929
11214742
11208722
11206203
11203603
11202045
11196921
11195944
11195840
11189355
11188639
11188624
11188435
11188286
11186108
11182087
11180601
11178625
11176988
11170382
11164678
11160302
11158233
11158181
11157534
11153149
11148686
11144620
11141309
11140169
11139051
11137329
11134733
11129180
11128841
11123946
11117590
11116275
11114001
11109804
11109790
11109404
11109203
11108457
11095147
11092761
11090579
11090402
11089522
11086374
11086357
11081832
11081735
11080383
11080202
11079315
11077672
11077306
11071177
11071006
11065507
11063651
11059541
11058393
11055536
11054208
11043903
11034796
11023998
11020361
11020291
11017639
11015591
11015013
11014961
11014717
11011611
11011374
11006010
11005001
11002174
11000656
11000355
10997944
10996334
10996226
10992630
10991124
10986062
10981165
10981096
10980809
10976378
10975182
10973425
10971945
10971768
10970564
10968629
10962456
10962105
10955946
10955841
10953110
10951797
10951514
10948988
10945498
10945291
10943753
10939225
10937497
10936498
10934584
10932659
10930110
10929164
10920057
10917393
10916288
10916104
10914144
10914017
10911869
10911828
10911127
10906609
10905602
10904371
10889889
10887275
10886378
10885514
10884643
10873254
10871783
10869967
10861679
10858793
10857417
10853755
10853321
10849818
10846277
10845626
10843806
10842679
10841604
10841486
10840451
10837051
10836172
10834933
10834718
10833061
10831524
10830824
10826821
10825324
10823100
10821710
10820175
10820054
10808608
10805425
10799678
10799517
10798993
10798841
10797166
10797095
10796973
10796216
10793604
10792786
10790922
10788016
10783304
10777825
10775393
10773043
10767054
10765788
10763778
10761573
10760463
10760068
10759905
10756065
10754974
10750904
10749142
10748315
10746947
10746027
10745688
10740880
10734618
10733092
10729871
10728129
10727838
10724879
10723716
10720137
10717999
10712155
10711168
10709113
10707897
10706242
10705170
10699765
10698645
10698357
10695557
10692715
10691970
10690547
10690400
10689595
10689487
10689116
10684685
10681417
10674606
10669811
10669219
10666710
10665969
10662317
10661625
10660304
10655275
10654545
10651127
10647532
10647237
10647080
10645899
10644576
10644210
10643395
10643212
10641202
10639867
10637546
10637472
10633782
10631848
10631835
10631475
10626001
10622346
10618399
10608944
10608757
10606585
10604462
10603542
10603435
10602853
10602657
10601328
10600313
10595050
10592758
10592234
10591522
10588260
10583504
10581402
10578629
10569212
10568043
10566974
10564148
10557843
10557815
10554644
10551602
10551326
10550625
10546819
10544774
10543301
10541780
10539650
10529222
10528114
10524594
10522059
10520695
10519219
10518680
10515840
10512341
10511264
10509871
10508427
10507356
10502825
10496749
10494227
10492483
10491603
10491229
10490554
10478335
10477348
10468305
10466075
10464669
10460811
10459583
10459195
10456103
10447286
10446732
10443091
10442685
10442630
10441751
10433419
10430695
10429008
10426143
10425468
10423009
10419336
10415545
10412942
10410302
10410171
10409985
10404995
10404321
10403472
10400111
10395161
10392451
10391461
10381558
10381359
10379937
10378141
10376380
10375803
10373383
10369037
10367449
10367032
10366433
10365680
10364423
10362049
10355431
10350962
10350709
10349448
10348868
10348210
10346676
10342756
10341537
10338132
10332765
10331534
10324803
10323958
10321942
10318643
10317486
10309868
10305876
10304848
10302824
10302792
10301698
10301064
10296945
10295313
10294579
10294568
10291963
10290440
10289113
10288417
10286077
10283668
10282466
10281650
10278330
10276664
10274243
10274046
10266154
10258158
10257549
10254124
10251054
10246889
10246248
10246146
10244623
10243983
10235042
10234937
10232302
10232199
10231851
10230206
10225722
10225533
10224227
10224024
10220501
10217824
10213057
10210095
10209005
10208731
10198635
10198413
10196153
10193683
10193393
10190519
10189750
10187414
10186894
10184772
10183306
10182974
10182117
10178173
10177869
10177483
10176759
10174194
10173511
10172381
10169150
10169123
10167452
10160132
10159161
10158243
10140662
10139447
10137738
10137566
10134639
10132645
10127416
10126959
10124641
10124355
10121277
10120132
10118816
10116284
10114264
10113914
10109662
10108815
10105789
10105645
10103341
10101415
10100139
10095328
10091700
10088583
10079006
10064088
10063272
10063257
10062992
10058686
10058504
10058315
10046948
10044163
10043511
10040050
10037404
10035536
10035159
10034213
10033796
10033694
10032017
10031448
10031107
10030370
10029711
10028218
10026586
10026043
10025204
10022271
10022185
10021033
10018684
10018280
10017433
10017046
10016948
10015447
10011305
10011002
10009522
10008708
10007644
10005470
10002563
9997649
9995307
9987098
9987022
9983383
9983303
9982265
9981485
9981320
9979906
9978043
9977356
9976066
9975478
9974078
9972760
9972424
9968457
9957546
9957374
9954543
9954499
9954108
9952466
9949208
9946903
9941975
9939978
9938155
9937738
9937223
9935681
9934463
9928005
9927402
9926309
9926264
9926083
9923252
9922983
9921225
9920054
9919952
9917990
9917780
9915827
9915470
9914081
9911984
9908537
9905359
9904839
9903572
9903268
9900734
9897487
9895531
9893472
9889728
9887793
9885853
9885826
9884397
9884011
9880976
9873537
9872500
9872199
9872010
9869232
9862849
9860033
9858936
9858662
9858416
9857927
9849639
9848763
9847032
9832263
9830530
9826789
9824481
9823615
9822471
9814525
9811901
9811516
9810893
9800556
9798008
9792810
9787665
9785838
9782793
9781246
9776810
9776227
9775193
9774331
9769437
9764137
9763653
9762059
9760468
9759485
9757346
9753199
9752054
9748737
9748668
9747576
9746031
9737558
9735569
9732445
9731411
9730619
9728964
9727733
9727172
9725001
9724562
9723336
9722173
9722004
9719559
9719114
9715279
9714155
9708474
9707476
9704551
9699611
9699375
9689804
9689657
9688459
9688338
9685446
9681817
9681244
9681219
9680982
9680496
9678683
9674906
9674433
9672500
9672057
9671794
9671293
9669417
9668295
9667732
9666108
9663748
9662639
9662362
9650402
9650006
9649545
9649500
9647591
9643801
9642188
9632465
9631572
9622554
9621386
9619919
9615627
9614167
9611150
9602202
9600641
9600438
9597891
9593428
9593132
9592756
9590926
9589100
9583522
9582713
9581095
9579826
9574825
9570000
9569133
9568925
9568886
9564034
9561315
9558308
9557816
9556992
9555730
9550945
9546939
9545165
9540561
9540418
9540361
9539321
9539030
9539002
9537785
9537716
9534943
9533187
9532069
9531846
9531069
9529904
9529696
9528962
9523594
9520219
9510909
9510471
9506593
9505614
9498899
9497382
9496435
9496295
9494130
9493358
9492391
9491482
9491065
9490002
9486162
9484993
9483767
9483612
9481745
9478772
9478304
9477498
9476623
9474655
9473961
9473827
9471902
9469457
9463587
9462715
9462624
9461942
9461838
9460260
9460104
9456489
9454184
9452974
9452560
9452095
9449074
9448878
9447559
9445257
9442716
9442167
9440361
9439327
9436986
9436844
9436277
9433060
9432991
9432115
9431504
9428983
9427816
9427258
9421703
9415992
9415083
9413705
9413498
9413174
9410993
9409845
9406648
9405746
9404975
9403719
9397315
9396449
9389442
9387171
9382967
9382761
9381857
9381010
9378374
9377429
9376380
9375105
9374574
9368863
9368378
9367126
9367114
9366062
9358523
9356689
9354983
9354139
9350873
9349761
9349675
9348645
9347680
9346318
9345751
9345477
9345222
9345031
9342191
9341445
9333993
9332513
9331652
9331004
9330705
9329259
9327874
9324045
9323160
9321885
9319730
9318491
9315770
9312468
9310976
9308838
9305924
9305379
9301670
9299369
9298184
9295355
9291396
9289150
9288236
9286364
9286231
9284584
9284578
9279532
9279528
9275052
9274507
9274206
9272429
9270498
9270123
9268943
9267505
9265914
9260047
9257759
9253959
9249252
9246183
9245630
9244227
9238765
9234545
9233597
9232306
9231396
9228435
9226062
9223640
9223378
9220414
9218657
9216649
9215529
9214753
9212218
9211193
9209884
9208954
9208689
9208483
9207831
9204248
9199332
9199179
9197243
9197038
9196546
9195872
9195244
9193841
9192117
9190865
9190488
9183129
9182019
9176989
9176181
9175948
9175451
9170875
9170570
9170238
9167657
9167640
9167246
9167125
9166466
9165551
9165435
9163898
9162860
9162147
9155530
9155080
9152357
9151339
9150581
9150049
9149642
9147670
9147487
9144703
9139993
9138506
9136158
9134279
9132658
9128659
9126538
9124289
9124031
9123557
9123546
9120620
9120064
9118766
9118589
9116821
9115016
9112773
9111848
9108041
9106010
9103402
9100404
9100034
9098534
9096561
9096109
9095206
9095147
9088454
9087531
9087221
9086189
9082826
9081168
9077449
9076588
9076451
9067771
9067552
9066930
9065369
9064219
9064111
9058089
9057527
9055509
9053763
9051805
9051799
9051157
9050427
9047179
9047134
9046134
9044052
9043968
9040827
9039257
9035618
9035260
9029773
9026486
9025308
9025153
9021690
9020752
9018453
9018084
9015660
9013560
9011124
9010814
9006302
9005645
9004826
9002602
9001251
8996041
8992211
8991617
8990811
8987802
8986610
8985161
8983024
8978176
8976964
8975507
8974444
8974127
8971499
8971153
8968856
8968593
8964342
8963757
8962638
8960086
8954294
8948891
8946545
8944912
8939582
8938613
8937729
8935485
8934811
8934594
8933030
8930846
8929924
8929354
8927715
8924784
8924572
8924192
8923706
8922179
8922026
8921535
8918978
8915164
8913207
8913055
8913052
8912029
8911298
8910613
8910566
8910519
8909854
8908949
8901333
8900981
8900972
8899534
8895360
8892664
8892149
8892076
8890952
8887519
8886653
8886615
8886185
8882706
8882585
8879976
8879901
8878399
8877079
8874648
8871681
8870927
8869023
8867484
8865097
8856944
8853770
8850249
8849356
8848585
8848268
8845763
8843835
8840817
8839743
8839308
8835685
8831540
8830744
8827377
8826169
8825881
8825205
8819959
8819107
8818272
8813200
8808655
8807299
8807284
8806670
8806073
8806043
8804069
8803690
8799793
8798222
8797383
8794883
8793940
8787624
8786573
8786062
8784950
8781961
8780656
8778831
8777135
8776326
8775146
8773965
8773550
8770914
8766678
8764667
8761002
8756359
8753305
8749769
8748050
8747150
8745988
8745556
8744772
8744719
8743561
8741548
8740432
8740349
8739102
8737438
8737401
8733670
8729343
8728834
8724156
8718056
8711517
8710009
8708016
8705544
8703797
8701943
8698527
8697960
8694858
8694511
8694302
8691928
8691254
8690268
8688361
8687804
8685589
8685154
8683426
8682215
8678834
8678754
8678675
8674671
8674351
8673715
8666924
8665117
8664871
8663363
8660788
8659913
8659734
8659113
8657709
8653692
8652516
8650665
8649718
8645360
8640814
8636454
8636449
8636352
8635553
8635091
8634757
8633382
8632058
8630880
8629746
8628385
8628104
8626739
8625429
8620700
8619411
8617835
8617537
8617516
8617224
8617066
8612253
8612079
8610304
8610277
8604416
8604297
8603520
8602214
8600706
8600655
8600292
8600151
8598993
8597099
8597047
8595390
8591343
8587591
8586062
8584169
8582665
8581311
8575966
8574112
8572140
8571931
8571480
8569908
8567769
8564377
8563390
8563167
8562732
8562046
8561772
8560878
8560748
8560554
8551232
8549448
8548385
8547455
8546991
8546200
8543618
8542988
8542630
8540978
8538966
8537021
8536378
8536013
8534047
8533926
8531840
8527495
8526929
8526525
8525795
8524903
8524071
8523152
8522010
8520822
8520598
8519508
8513936
8509304
8506888
8506635
8506049
8505915
8504380
8502942
8500528
8499379
8497262
8495916
8494162
8493676
8493391
8490161
8489716
8486361
8483700
8478857
8477085
8471574
8468762
8466828
8466303
8465905
8461577
8460675
8460625
8460247
8460088
8458005
8453128
8451915
8449127
8448687
8447525
8445959
8445219
8441122
8440760
8438852
8436751
8434209
8433483
8432832
8431562
8430340
8429222
8429029
8426957
8426130
8424893
8423441
8419917
8417992
8416381
8415359
8412484
8411562
8410507
8410461
8407890
8405500
8404855
8400243
8394310
8393784
8393063
8389582
8388769
8387131
8386358
8384163
8379526
8376606
8376069
8375242
8374010
8371548
8369987
8368663
8364713
8364541
8363344
8363320
8363193
8363023
8361371
8359813
8358326
8357699
8355942
8354765
8353617
8353605
8353566
8347103
8345314
8344882
8344412
8339922
8337093
8336537
8333967
8333948
8332867
8330541
8328892
8327495
8326767
8325087
8321426
8320355
8319372
8318770
8318724
8318647
8317577
8314757
8314336
8310230
8306901
8306299
8306260
8296662
8295609
8293823
8291329
8291276
8289360
8286260
8285553
8283573
8283476
8280137
8279533
8279189
8278392
8278196
8273641
8273448
8273017
8271850
8270209
8268707
8267976
8266886
8266048
8262839
8262252
8260845
8259187
8256471
8254655
8253650
8252534
8248787
8248745
8247764
8243582
8243564
8239127
8238637
8237250
8236889
8234877
8227022
8226050
8219554
8218658
8218587
8215657
8215393
8213049
8212116
8211954
8211944
8210352
8208473
8208125
8207909
8207357
8205779
8205739
8204673
8202396
8200687
8200358
8198909
8198630
8197749
8196826
8194131
8191960
8191031
8189026
8188797
8187657
8187530
8186703
8186212
8184332
8183513
8183425
8182105
8181414
8177263
8175323
8174368
8170909
8170544
8169165
8161945
8160775
8160550
8159596
8159450
8157317
8150012
8148331
8145321
8143403
8143379
8142630
8141617
8141001
8138930
8136563
8133475
8133138
8132869
8132757
8132289
8129510
8129025
8127694
8126054
8122357
8121245
8120590
8119884
8118473
8116098
8115627
8114227
8114034
8112246
8110369
8110292
8108338
8105294
8104058
8103385
8100069
8094369
8094164
8091649
8088964
8087116
8086207
8084386
8083681
8082691
8081642
8078455
8076660
8075752
8071983
8068842
8068739
8068497
8064574
8064506
8062888
8062714
8059568
8058734
8058390
8058069
8052765
8052267
8051344
8049759
8047346
8045198
8044299
8043979
8043300
8042611
8042490
8042360
8042229
8041908
8038567
8036029
8031937
8029164
8027301
8027025
8022961
8021560
8020600
8019592
8019137
8018304
8013914
8010102
8009252
8007194
8007166
8004052
8002746
8001985
8001020
8000179
7999564
7997430
7994769
7994610
7992878
7991813
7991428
7991036
7990525
7987678
7987303
7986526
7980733
7979075
7978122
7976747
7976318
7973137
7965108
7963817
7963413
7960929
7957969
7957429
7956303
7952815
7949592
7949423
7946613
7946228
7945868
7945485
7943973
7941269
7939891
7939523
7937298
7936655
7936113
7935194
7931319
7930754
7928651
7928172
7926717
7926329
7925063
7924180
7923655
7923630
7923081
7921525
7917607
7917540
7917224
7916693
7914154
7909680
7908601
7906739
7905326
7904906
7904746
7904448
7903090
7894782
7890695
7890643
7889114
7886083
7885592
7885356
7883128
7877480
7877415
7875155
7871280
7869529
7869145
7867353
7866751
7863646
7863046
7859378
7854984
7853076
7852873
7850915
7849940
7849087
7847368
7847044
7846786
7846014
7844515
7843641
7840420
7839872
7839453
7838721
7835563
7835494
7835050
7833420
7831655
7831337
7827726
7827064
7826979
7826115
7825094
7825076
7823946
7822819
7821703
7820786
7820250
7819407
7819180
7817947
7816824
7816480
7815027
7812620
7811993
7811673
7811167
7808241
7806844
7805107
7801287
7796577
7796269
7793214
7792221
7792191
7790383
7788065
7782756
7782169
7777576
7771705
7771502
7767184
7766711
7753690
7753345
7752079
7750633
7750411
7750168
7748900
7748021
7747699
7747036
7745861
7744876
7744606
7744494
7744070
7742935
7742684
7739556
7736647
7736515
7731173
7727860
7725365
7725300
7724703
7723310
7722085
7721386
7718780
7717501
7716901
7716106
7715815
7715471
7714660
7713353
7713059
7712801
7712209
7711057
7710514
7707583
7705574
7703288
7697283
7695207
7694814
7692892
7691084
7689807
7688105
7683998
7681403
7681143
7679924
7671328
7671030
7669494
7668883
7666080
7664864
7664761
7664301
7662697
7660350
7657732
7657081
7656208
7655514
7653819
7652654
7651741
7650082
7648930
7641650
7641115
7639504
7635837
7635596
7633976
7632888
7630931
7628576
7628272
7627536
7627436
7626816
7626574
7625520
7624316
7620342
7616886
7615784
7615712
7615672
7613901
7613704
7612612
7610506
7610238
7608984
7608900
7607524
7607172
7607078
7606571
7606395
7605605
7602783
7600212
7597549
7595207
7589570
7588455
7585493
7585114
7584755
7584638
7583324
7582554
7580925
7579690
7578665
7577787
7574988
7573829
7572172
7568648
7568482
7567701
7567218
7563495
7563000
7560021
7558542
7556876
7556517
7556335
7553719
7553476
7553289
7551906
7551477
7550101
7549723
7547193
7545339
7541237
7541153
7540824
7538659
7538148
7537738
7537438
7534050
7533895
7533785
7532771
7532282
7531575
7530969
7529949
7528347
7525177
7525142
7524738
7524132
7523934
7523238
7521332
7520675
7519837
7515955
7515572
7514740
7514651
7513935
7513516
7512707
7510780
7509120
7508812
7506714
7505832
7504915
7503686
7496798
7496195
7495460
7494430
7492824
7491625
7491386
7489876
7488924
7488669
7485928
7480638
7480306
7476133
7474964
7472575
7470219
7469512
7468394
7465314
7464079
7463610
7459454
7457515
7455848
7454622
7454436
7453879
7453778
7452694
7452092
7450956
7449364
7447103
7447070
7441890
7440918
7438264
7436380
7436281
7434847
7434248
7432948
7431877
7430971
7430480
7430462
7430333
7429063
7426613
7426608
7426417
7423674
7423378
7418973
7416862
7416113
7415763
7415216
7415131
7415064
7413309
7412242
7402414
7402328
7401793
7401451
7400733
7400631
7398569
7396278
7392775
7392026
7391821
7390870
7390183
7383148
7382454
7382393
7381794
7381231
7381022
7379744
7379068
7378935
7371207
7370612
7370075
7369574
7368844
7368045
7366509
7364984
7362798
7362453
7362426
7362127
7362042
7360731
7356955
7353633
7353180
7351731
7349181
7347765
7346867
7346354
7345918
7342192
7341945
7341914
7341424
7338564
7335443
7332685
7332357
7331574
7328010
7326088
7324193
7322498
7319881
7319405
7318729
7316103
7315438
7315239
7313571
7313197
7313034
7312692
7312247
7311475
7309716
7308855
7306746
7304456
7303201
7299642
7299526
7299470
7298920
7294410
7293284
7292787
7292568
7292386
7290884
7290235
7287650
7286372
7285471
7285410
7285163
7284693
7284386
7282015
7280657
7280105
7279010
7278585
7275414
7275214
7274935
7273849
7269514
7268735
7268360
7267430
7265470
7262550
7262057
7261846
7260315
7260183
7259780
7259718
7259499
7256361
7255961
7254276
7253663
7253484
7252925
7252923
7250288
7249918
7249885
7246471
7246083
7245256
7240854
7239904
7239599
7234044
7231835
7228389
7226864
7225056
7223673
7222807
7222499
7222440
7220643
7219639
7217017
7214373
7211272
7210406
7209040
7208668
7207314
7203965
7201835
7201758
7201235
7200844
7197744
7193665
7193641
7193446
7192953
7192496
7192366
7192144
7191478
7190446
7190103
7188116
7187486
7187031
7186113
7185303
7183409
7182520
7182004
7179253
7179198
7177121
7174133
7172968
7172504
7170798
7163528
7163233
7162874
7162635
7162062
7162001
7160959
7160212
7160032
7158782
7157257
7157010
7153875
7152151
7151430
7150746
7150230
7149431
7148785
7148233
7146814
7146685
7144035
7141885
7141450
7139704
7136201
7135769
7132676
7132147
7130215
7129413
7124495
7123178
7122879
7122340
7120322
7120274
7119163
7118895
7118113
7116175
7114069
7113822
7113257
7112172
7110338
7109279
7109263
7109005
7108409
7104679
7101837
7099543
7098366
7097027
7096675
7096287
7095608
7095087
7094855
7092806
7092073
7092027
7089353
7086252
7084976
7084688
7082265
7081367
7078337
7074734
7072912
7071343
7068627
7068459
7068412
7067687
7065072
7064210
7063525
7063258
7061480
7060789
7059665
7058840
7058609
7057573
7057391
7056806
7052767
7051757
7050805
7048764
7045823
7042822
7042042
7041716
7037733
7037005
7036132
7036096
7035647
7031195
7029981
7028841
7027911
7025769
7025364
7023725
7021418
7019006
7018682
7018259
7018211
7014638
7013799
7012300
7011109
7010205
7010056
7008727
7008203
7007787
7006855
7005074
7004496
7003064
7002915
7001213
7000546
6999910
6999875
6999311
6998633
6998474
6997181
6996835
6994116
6993943
6993833
6991045
6989831
6988904
6988846
6987535
6982423
6981678
6980701
6980500
6980244
6978485
6977809
6977605
6972398
6970278
6965584
6964319
6959553
6959107
6956828
6952889
6947989
6946701
6946029
6945578
6943528
6943275
6942258
6940235
6938093
6936723
6935973
6935028
6933665
6932099
6930695
6929008
6928802
6927628
6925111
6924463
6923081
6922557
6921458
6921228
6916250
6913935
6912845
6912118
6910132
6910095
6909109
6908392
6907863
6907471
6907401
6907063
6905372
6905009
6904519
6902698
6902565
6901508
6900216
6898480
6897882
6896016
6895910
6893327
6892635
6892622
6892298
6891123
6890707
6889832
6889575
6889564
6887477
6886505
6884276
6880755
6879767
6878129
6877614
6876896
6872844
6872540
6871657
6870320
6868615
6865202
6863973
6863738
6862407
6861709
6858121
6857915
6857856
6856583
6856307
6855976
6854686
6853615
6852777
6851845
6851628
6850538
6847512
6846795
6845743
6844737
6844376
6843424
6843285
6842238
6842211
6841635
6841235
6839944
6839828
6839319
6837784
6834963
6834032
6833739
6833654
6832614
6831773
6831149
6827422
6826769
6825770
6825721
6825675
6825099
6824491
6823056
6821124
6819400
6815687
6811798
6809450
6800893
6800211
6796618
6796605
6796558
6795427
6795021
6794220
6790916
6788857
6788642
6786936
6785296
6785226
6784780
6784037
6783321
6782491
6781709
6780960
6779744
6779161
6779056
6778253
6777662
6777013
6774522
6772818
6770764
6770039
6769942
6769666
6768984
6768724
6768275
6767295
6764292
6763200
6762781
6759009
6758314
6757768
6757738
6757353
6755251
6754270
6752745
6751740
6751640
6748385
6745255
6744759
6744751
6744015
6744002
6743685
6743263
6737775
6736236
6736082
6733072
6732310
6731784
6731053
6729371
6729139
6728403
6727127
6724712
6724445
6724375
6724177
6723300
6720397
6719614
6714560
6712262
6710272
6710254
6710172
6705696
6705621
6701194
6701017
6700658
6699963
6699832
6699804
6697219
6697183
6695603
6694571
6694010
6691885
6691441
6687890
6687134
6684477
6684471
6683144
6677539
6677416
6677053
6676568
6676222
6674368
6674221
6674117
6673177
6673024
6672412
6671560
6669472
6667902
6667066
6666777
6666724
6665722
6665401
6663806
6662287
6661457
6660361
6660200
6660071
6658273
6655322
6654690
6654467
6654240
6652762
6650975
6650939
6649709
6648252
6647959
6647640
6647058
6647013
6646235
6645446
6642666
6638255
6636932
6635888
6635126
6634774
6634623
6633835
6633076
6632250
6632069
6629299
6627185
6626169
6625143
6624570
6623055
6621639
6620830
6620754
6620674
6619974
6619274
6618228
6617507
6616863
6616163
6615452
6612938
6610456
6610108
6609450
6608747
6606328
6602100
6597110
6596963
6596651
6596622
6593897
6592516
6592362
6590871
6590765
6590045
6589607
6587832
6587170
6584676
6584321
6583467
6581358
6580887
6578188
6574616
6574487
6572284
6572150
6571204
6571033
6569355
6568339
6567944
6567418
6566589
6565548
6564569
6562262
6562181
6561081
6560131
6557928
6557198
6557081
6554087
6553324
6552141
6551718
6550555
6549211
6548438
6547979
6547035
6546612
6545165
6542883
6542853
6542703
6542394
6542160
6540017
6539764
6537637
6536771
6535752
6534503
6534321
6534300
6533909
6533855
6533754
6531883
6531487
6531386
6529086
6528999
6527810
6527542
6527194
6526476
6526426
6525396
6524569
6524456
6524173
6523975
6521836
6521475
6519725
6519650
6517603
6516296
6515935
6515779
6511150
6510767
6510137
6507232
6506925
6506250
6505867
6501864
6501326
6500785
6499813
6498726
6498481
6497328
6495119
6494071
6493767
6491835
6489369
6488267
6487026
6486222
6486176
6484370
6484339
6484327
6484304
6482839
6482110
6478647
6477096
6475374
6475222
6474500
6474279
6473739
6472822
6472814
6472783
6471170
6470043
6469975
6467917
6467553
6466394
6464990
6464687
6464165
6463889
6462719
6462263
6461201
6460331
6457720
6456206
6455968
6455927
6453834
6452394
6451973
6451955
6451360
6450895
6450842
6449838
6447499
6446290
6446043
6445389
6445126
6444848
6444774
6444590
6442311
6442074
6441825
6441254
6440847
6439809
6439653
6437269
6437241
6436696
6435300
6432334
6431982
6431372
6431362
6427151
6426948
6424565
6424555
6423961
6423721
6422601
6422027
6417777
6416376
6414935
6413643
6412649
6411642
6411384
6407259
6407167
6405474
6405197
6403305
6403258
6402077
6399252
6397517
6396440
6393990
6393950
6393163
6392288
6391263
6390878
6390272
6389308
6386071
6384730
6383185
6382635
6382356
6381768
6381221
6380149
6379114
6379028
6378688
6377286
6376694
6376458
6376393
6375348
6374072
6371760
6371664
6369809
6368489
6367861
6367037
6366921
6366349
6361800
6360526
6358930
6357959
6357851
6357477
6356728
6355861
6354694
6353012
6352530
6352373
6351956
6349970
6349968
6349691
6349677
6349194
6348582
6344864
6342388
6342263
6339596
6338010
6337608
6337228
6336910
6335873
6334960
6334769
6334553
6333297
6332509
6331606
6330073
6329988
6328857
6327201
6326394
6325995
6325438
6324315
6323872
6323593
6321964
6321668
6319608
6318816
6318477
6316108
6314853
6314300
6312134
6312130
6312095
6311141
6307063
6305969
6304801
6302572
6301885
6300897
6300613
6300601
6297911
6297531
6297262
6293895
6293509
6292372
6292300
6289278
6287712
6286645
6286188
6281943
6281426
6279280
6279269
6278119
6277023
6275089
6273414
6271983
6271787
6268788
6267924
6267773
6267061
6266654
6265488
6265445
6264719
6264419
6263860
6262733
6260305
6257916
6257493
6256814
6256800
6256011
6255729
6252259
6250188
6249289
6244239
6242784
6242143
6241613
6241330
6238319
6237273
6230779
6226705
6225964
6225925
6225567
6223093
6222606
6222543
6220739
6219614
6218611
6218089
6217455
6216751
6215449
6214606
6209872
6208650
6208235
6204865
6202263
6201919
6200446
6200192
6199471
6199142
6197942
6195840
6195388
6195188
6194202
6193757
6192140
6191119
6189204
6186772
6186413
6185967
6184918
6182704
6182044
6180881
6180129
6179239
6178351
6178034
6176157
6176071
6175969
6174968
6173308
6171461
6169309
6168116
6168055
6166925
6166016
6165133
6163760
6160813
6157847
6157239
6156865
6153088
6151760
6150727
6147908
6146837
6146299
6145788
6145138
6143580
6143054
6139654
6139248
6139151
6136813
6136404
6134590
6133265
6133085
6132692
6132688
6131805
6127410
6127254
6125810
6124848
6122762
6122004
6118544
6117300
6117284
6117094
6116985
6111610
6108842
6108023
6106465
6105089
6101687
6101488
6101411
6101027
6100602
6099879
6099347
6099072
6098952
6098897
6098391
6097891
6097495
6093367
6092312
6091676
6091365
6091287
6087653
6087498
6086711
6084997
6084449
6083904
6083140
6082223
6080096
6079639
6077603
6077447
6077280
6076460
6071252
6071039
6069497
6069137
6067411
6067206
6066610
6066519
6065742
6065528
6065220
6063384
6062898
6061673
6061476
6059538
6058201
6057792
6056753
6056226
6054045
6053333
6053018
6051038
6050218
6049797
6049004
6048799
6048241
6048131
6045562
6044943
6044169
6043129
6041881
6041105
6039475
6038675
6038616
6037596
6037028
6036395
6034163
6033802
6031432
6031360
6030953
6029552
6028689
6027360
6027066
6026025
6026007
6025312
6025016
6024192
6024003
6023862
6022130
6022102
6021831
6021111
6020491
6020422
6017819
6017754
6017583
6017468
6017018
6016435
6016034
6011975
6011315
6008690
6007209
6005834
6005665
6005064
6004972
6004425
6004256
6002552
6002392
6001895
6001844
6001273
6000301
5999841
5999337
5999198
5996948
5996840
5993769
5991073
5990550
5990492
5989558
5989547
5988571
5988412
5987934
5987616
5987589
5986960
5985020
5983876
5982544
5982111
5981809
5980975
5979804
5975805
5975452
5975081
5973507
5972390
5971011
5969493
5968138
5966191
5965898
5964620
5964318
5964290
5962026
5961585
5960038
5959034
5958900
5958210
5955012
5952494
5952184
5952183
5952141
5951744
5950232
5949762
5949738
5949355
5949307
5947920
5946907
5945293
5944875
5944800
5944531
5944084
5944017
5943984
5943974
5943699
5940685
5939361
5938374
5937161
5935872
5935254
5933047
5932756
5931717
5931628
5931255
5931237
5930548
5929750
5929674
5929336
5928795
5928569
5928308
5926818
5926215
5924980
5924880
5924643
5924562
5924450
5924396
5923389
5921579
5920696
5918928
5918151
5917782
5917697
5916698
5916557
5915941
5915106
5915067
5915017
5911132
5909498
5904454
5902799
5902304
5901947
5901215
5900723
5900673
5900004
5899321
5898886
5898611
5897046
5896313
5896294
5896093
5895302
5894747
5891426
5888291
5887924
5887682
5885745
5884664
5882823
5881862
5881287
5877201
5874042
5873696
5873301
5872333
5871903
5870429
5868737
5865695
5865280
5863597
5862928
5862273
5859931
5859623
5858974
5858045
5857620
5857157
5855460
5855338
5855328
5854942
5852802
5850031
5848082
5846114
5845223
5844761
5844300
5843083
5843044
5842780
5842565
5842094
5842077
5840680
5840675
5840171
5839805
5839794
5838491
5838327
5837147
5836649
5836385
5835847
5835109
5834922
5834542
5833062
5830874
5829725
5828485
5827192
5827023
5825769
5825729
5823521
5823015
5822075
5822036
5821758
5820050
5820002
5819587
5818769
5816883
5816366
5816200
5815407
5813872
5813191
5811089
5809664
5809457
5809307
5808095
5806756
5805957
5805006
5803188
5802278
5798955
5798818
5797559
5797467
5796462
5796298
5795626
5794572
5793822
5793574
5793328
5793125
5792863
5791691
5789586
5785364
5784301
5783958
5783831
5782181
5782079
5780801
5780056
5779949
5778226
5776418
5775359
5775223
5774261
5774245
5773468
5773290
5772561
5772539
5771336
5769854
5767514
5766156
5765620
5765198
5763445
5763389
5763345
5761180
5760922
5759300
5758797
5758614
5758614
5758483
5756937
5755885
5755769
5753134
5749435
5748899
5745573
5745506
5744544
5744011
5743545
5742424
5740299
5735511
5730050
5729809
5729526
5728310
5727593
5726901
5726510
5726477
5723424
5722434
5722074
5721930
5720085
5719888
5719759
5718564
5718446
5718176
5718103
5718070
5717426
5717084
5713415
5712459
5712386
5712068
5711682
5711213
5711114
5709026
5708007
5707960
5707514
5707323
5707027
5706374
5704248
5702748
5702467
5702369
5702245
5700373
5699758
5698936
5698721
5698368
5698238
5697594
5697476
5695084
5694739
5694671
5694239
5693356
5693142
5692621
5690959
5688403
5688372
5686454
5686425
5684878
5684577
5683356
5683331
5682037
5681015
5678469
5675803
5675657
5675522
5674677
5674307
5673670
5672353
5671680
5671140
5670665
5668954
5668074
5666214
5664689
5663627
5663314
5663131
5663032
5662955
5662908
5661140
5660985
5660928
5660658
5660656
5658668
5656959
5656291
5656032
5651790
5650814
5649174
5648615
5648250
5646090
5645732
5645638
5645294
5644923
5643454
5642430
5640701
5640149
5640039
5640025
5638455
5637047
5635653
5633877
5633609
5633038
5632394
5630976
5630352
5629631
5628399
5626476
5625608
5625413
5625285
5625238
5622699
5622296
5621719
5621464
5621134
5619525
5619474
5618749
5618525
5617266
5616670
5616299
5616140
5615802
5615635
5613443
5612067
5610397
5610302
5609119
5608655
5607542
5607204
5607009
5605530
5603871
5602073
5601187
5600483
5599667
5599377
5598213
5598171
5595758
5595615
5594610
5593951
5593866
5592553
5592001
5591729
5591498
5589955
5589851
5588698
5587823
5587372
5587279
5585386
5582367
5581961
5579470
5578617
5578553
5577666
5577144
5576970
5575497
5574422
5573318
5571680
5570672
5569576
5568297
5568135
5567941
5567853
5565805
5565500
5563253
5562138
5561539
5560487
5558245
5558174
5557972
5554789
5554566
5553274
5553134
5551647
5551049
5549568
5548132
5548130
5547528
5547253
5545856
5545848
5545568
5544484
5544351
5544157
5543255
5542234
5541504
5540042
5539308
5537836
5535882
5535717
5535215
5533851
5533839
5533820
5532893
5531013
5530978
5528827
5527529
5526731
5526261
5525369
5524021
5523710
5523311
5522351
5521461
5518013
5517678
5516199
5515808
5515213
5512992
5510793
5509894
5509634
5508719
5507530
5507431
5507401
5507258
5503313
5502436
5500366
5499546
5499219
5497805
5497220
5496693
5496687
5496166
5495259
5494297
5493171
5489762
5488891
5488781
5488731
5486201
5486113
5485442
5483874
5483075
5482989
5482412
5480452
5479431
5478669
5478643
5477849
5477461
5477196
5477161
5477034
5474963
5473738
5473700
5473407
5472569
5472164
5471850
5470097
5469870
5468921
5468839
5466903
5466589
5465964
5465949
5465493
5464736
5463904
5463134
5462971
5460493
5458448
5458180
5457762
5456938
5455396
5453155
5451701
5449356
5448893
5448707
5448520
5448063
5446861
5444276
5439483
5436623
5435430
5434737
5433668
5433564
5431594
5431346
5431042
5430651
5430090
5426891
5426522
5424002
5423440
5422197
5421887
5421844
5418966
5417492
5417351
5417141
5416970
5416415
5416004
5415800
5411869
5411329
5411045
5409969
5409581
5408962
5408483
5408425
5407874
5407560
5407261
5406421
5404822
5404544
5401948
5401677
5401472
5399149
5397230
5397022
5396539
5396170
5393889
5393654
5393362
5393038
5392450
5392304
5392222
5390310
5389062
5388923
5388602
5385205
5383052
5382900
5380658
5378572
5377826
5377139
5377031
5376123
5375608
5374011
5372436
5372249
5372013
5370074
5369048
5368884
5368462
5368112
5367825
5367778
5364843
5364052
5363789
5363547
5363542
5362732
5362618
5360194
5359538
5358049
5357367
5357059
5355008
5355003
5353720
5353706
5350136
5349862
5347507
5345450
5343221
5342285
5342167
5340854
5340566
5339587
5335388
5334414
5333625
5333073
5332514
5332019
5331767
5331228
5331190
5330797
5329899
5329596
5328551
5328087
5327865
5327802
5326547
5324062
5321561
5321558
5321504
5321340
5320404
5319310
5319084
5317221
5315957
5315422
5315313
5314230
5314172
5313786
5311691
5310970
5310148
5309730
5307185
5305595
5302938
5302888
5302203
5301959
5301147
5299839
5299771
5299044
5298822
5297998
5296775
5296572
5294724
5293991
5293523
5292851
5292673
5292386
5291925
5291817
5290705
5290145
5288182
5286526
5285316
5284061
5280749
5278721
5278277
5277927
5276538
5275449
5275312
5274525
5274347
5273628
5272655
5272369
5270178
5268620
5268379
5267304
5266443
5266389
5265648
5265588
5265501
5262975
5261978
5261231
5259521
5257629
5254807
5254799
5253391
5252900
5252752
5252481
5252244
5251527
5250477
5250166
5250152
5245466
5245453
5245277
5242649
5242415
5242405
5241931
5241698
5240826
5238169
5238109
5238052
5237019
5233016
5232846
5231884
5231735
5231571
5230762
5230695
5230325
5229938
5228441
5228241
5228038
5227908
5226805
5225913
5225392
5222474
5221356
5220845
5218227
5217370
5217283
5216750
5216648
5216647
5215822
5214173
5212542
5212241
5211922
5210800
5208835
5208625
5208484
5207400
5207370
5206411
5205858
5205341
5204842
5204597
5203465
5202233
5202005
5201723
5200541
5200469
5198637
5198559
5198530
5198277
5197825
5196953
5196328
5196013
5195810
5194396
5193442
5192334
5191306
5191008
5190532
5190087
5189813
5188853
5188341
5188219
5187838
5187635
5187075
5186027
5182781
5182681
5182090
5181674
5181182
5180561
5180203
5178887
5178854
5178103
5177898
5177497
5176436
5175269
5174649
5174371
5172896
5172859
5172728
5172546
5170796
5168827
5167633
5167463
5167228
5166543
5165551
5164902
5164527
5164081
5162842
5161175
5158604
5158145
5157330
5156247
5155816
5155531
5155053
5154931
5154704
5154366
5152660
5152454
5151969
5151461
5149169
5148028
5147800
5147573
5146222
5145893
5143984
5143456
5142806
5142448
5141610
5141504
5141277
5141268
5137910
5137372
5136263
5134603
5134582
5134463
5134246
5133903
5133522
5131839
5131700
5131231
5130713
5128650
5128401
5126983
5126711
5126382
5125937
5125601
5124810
5124326
5123030
5122734
5122252
5122085
5120841
5120593
5120422
5120285
5119935
5119814
5119178
5119129
5118866
5118578
5118428
5117159
5116122
5115817
5115013
5114989
5114852
5113575
5113505
5113070
5112750
5112219
5111954
5111764
5111076
5110735
5107350
5106909
5104847
5104102
5103569
5102029
5101135
5100843
5100329
5099564
5099074
5098075
5096394
5095575
5095292
5094329
5093799
5091778
5090633
5087540
5086707
5086531
5085622
5085040
5084850
5083861
5082346
5082185
5080813
5080605
5080425
5080398
5079049
5078538
5078207
5077786
5076621
5075157
5074667
5074074
5073104
5071881
5071861
5071401
5070673
5070438
5070333
5070186
5068230
5066315
5065723
5063966
5063664
5061965
5061626
5061151
5058010
5057493
5057261
5056973
5056310
5056083